
//PixelForce RayTracer Mesh File


<geometry>
104,138,204
-.4, .4, 1
 .4, .4, 1
-.4,-.4, 1
 .4,-.4, 1
-.4, .45, .9866
-.425, .4433, .9866
-.4433, .425, .9866
-.45, .4, .9866
-.45,-.4, .9866
-.4433,-.425, .9866
-.425,-.4433, .9866
-.4,-.45, .9866
 .4,-.45, .9866
 .425,-.4433, .9866
 .4433,-.425, .9866
 .45,-.4, .9866
 .45, .4, .9866
 .4433, .425, .9866
 .425, .4433, .9866
 .4, .45, .9866
-.4, .4866, .95
-.4433, .475, .95
-.475, .4433, .95
-.4866, .4, .95
-.4866,-.4, .95
-.475,-.4433, .95
-.4433,-.475, .95
-.4,-.4866, .95
 .4,-.4866, .95
 .4433,-.475, .95
 .475,-.4433, .95
 .4866,-.4, .95
 .4866, .4, .95
 .475, .4433, .95
 .4433, .475, .95
 .4, .4866, .95
-.4, .5, .9
-.45, .4866, .9
-.4866, .45, .9
-.5, .4, .9
-.5,-.4, .9
-.4866,-.45, .9
-.45,-.4866, .9
-.4,-.5, .9
 .4,-.5, .9
 .45,-.4866, .9
 .4866,-.45, .9
 .5,-.4, .9
 .5, .4, .9
 .4866, .45, .9
 .45, .4866, .9
 .4, .5, .9
-.4, .5, .1
-.45, .4866, .1
-.4866, .45, .1
-.5, .4, .1
-.5,-.4, .1
-.4866,-.45, .1
-.45,-.4866, .1
-.4,-.5, .1
 .4,-.5, .1
 .45,-.4866, .1
 .4866,-.45, .1
 .5,-.4, .1
 .5, .4, .1
 .4866, .45, .1
 .45, .4866, .1
 .4, .5, .1
-.4, .4866, .05
-.4433, .475, .05
-.475, .4433, .05
-.4866, .4, .05
-.4866,-.4, .05
-.475,-.4433, .05
-.4433,-.475, .05
-.4,-.4866, .05
 .4,-.4866, .05
 .4433,-.475, .05
 .475,-.4433, .05
 .4866,-.4, .05
 .4866, .4, .05
 .475, .4433, .05
 .4433, .475, .05
 .4, .4866, .05
-.4, .45, .0134
-.425, .4433, .0134
-.4433, .425, .0134
-.45, .4, .0134
-.45,-.4, .0134
-.4433,-.425, .0134
-.425,-.4433, .0134
-.4,-.45, .0134
 .4,-.45, .0134
 .425,-.4433, .0134
 .4433,-.425, .0134
 .45,-.4, .0134
 .45, .4, .0134
 .4433, .425, .0134
 .425, .4433, .0134
 .4, .45, .0134
 .4,-.4, 0
-.4,-.4, 0
 .4, .4, 0
-.4, .4, 0
 .1, .9
 .9, .9
 .1, .1
 .9, .1
 .1, .95
 .075, .9433
 .0567, .925
 .05, .9
 .05, .1
 .0567, .075
 .075, .0567
 .1, .05
 .9, .05
 .925, .0567
 .9433, .075
 .95, .1
 .95, .9
 .9433, .925
 .925, .9433
 .9, .95
 .1, .9866
 .0567, .975
 .025, .9433
 .0134, .9
 .0134, .1
 .025, .0567
 .0567, .025
 .1, .0134
 .9, .0134
 .9433, .025
 .975, .0567
 .9866, .1
 .9866, .9
 .975, .9433
 .9433, .975
 .9, .9866
 .1, 1
 .05, .9866
 .0134, .95
 0, .9
 0, .1
 .0134, .05
 .05, .0134
 .1, 0
 .9, 0
 .95, .0134
 .9866, .05
 1, .1
 1, .9
 .9866, .95
 .95, .9866
 .9, 1
 0, 1
 .0123, 1
 .0245, 1
 .0368, 1
 .2263, 1
 .2386, 1
 .2508, 1
 .2631, 1
 .4526, 1
 .4649, 1
 .4771, 1
 .4894, 1
 .6789, 1
 .6912, 1
 .7035, 1
 .7157, 1
 0, 0
 .0123, 0
 .0245, 0
 .0368, 0
 .2263, 0
 .2386, 0
 .2508, 0
 .2631, 0
 .4526, 0
 .4649, 0
 .4771, 0
 .4894, 0
 .6789, 0
 .6912, 0
 .7035, 0
 .7157, 0
 .1, 0
 .05, .0134
 .0134, .05
 0, .1
 0, .9
 .0134, .95
 .05, .9866
 .1, 1
 .9, 1
 .95, .9866
 .9866, .95
 1, .9
 1, .1
 .9866, .05
 .95, .0134
 .9, 0
 .1, .0134
 .0567, .025
 .025, .0567
 .0134, .1
 .0134, .9
 .025, .9433
 .0567, .975
 .1, .9866
 .9, .9866
 .9433, .975
 .975, .9433
 .9866, .9
 .9866, .1
 .975, .0567
 .9433, .025
 .9, .0134
 .1, .05
 .075, .0567
 .0567, .075
 .05, .1
 .05, .9
 .0567, .925
 .075, .9433
 .1, .95
 .9, .95
 .925, .9433
 .9433, .925
 .95, .9
 .95, .1
 .9433, .075
 .925, .0567
 .9, .05
 .9, .9
 .1, .9
 .9, .1
 .1, .1
 1, 1
 1, 0
1, 3, 4, 1, 3, 4
1, 4, 2, 1, 4, 2
1, 5, 6, 1, 5, 6
1, 6, 7, 1, 6, 7
1, 7, 8, 1, 7, 8
1, 8, 9, 1, 8, 9
1, 9, 3, 1, 9, 3
3, 9, 10, 3, 9, 10
3, 10, 11, 3, 10, 11
3, 11, 12, 3, 11, 12
3, 12, 13, 3, 12, 13
3, 13, 4, 3, 13, 4
4, 13, 14, 4, 13, 14
4, 14, 15, 4, 14, 15
4, 15, 16, 4, 15, 16
4, 16, 17, 4, 16, 17
4, 17, 2, 4, 17, 2
2, 17, 18, 2, 17, 18
2, 18, 19, 2, 18, 19
2, 19, 20, 2, 19, 20
2, 20, 5, 2, 20, 5
2, 5, 1, 2, 5, 1
5, 21, 22, 5, 21, 22
5, 22, 6, 5, 22, 6
6, 22, 23, 6, 22, 23
6, 23, 7, 6, 23, 7
7, 23, 24, 7, 23, 24
7, 24, 8, 7, 24, 8
8, 24, 25, 8, 24, 25
8, 25, 9, 8, 25, 9
9, 25, 26, 9, 25, 26
9, 26, 10, 9, 26, 10
10, 26, 27, 10, 26, 27
10, 27, 11, 10, 27, 11
11, 27, 28, 11, 27, 28
11, 28, 12, 11, 28, 12
12, 28, 29, 12, 28, 29
12, 29, 13, 12, 29, 13
13, 29, 30, 13, 29, 30
13, 30, 14, 13, 30, 14
14, 30, 31, 14, 30, 31
14, 31, 15, 14, 31, 15
15, 31, 32, 15, 31, 32
15, 32, 16, 15, 32, 16
16, 32, 33, 16, 32, 33
16, 33, 17, 16, 33, 17
17, 33, 34, 17, 33, 34
17, 34, 18, 17, 34, 18
18, 34, 35, 18, 34, 35
18, 35, 19, 18, 35, 19
19, 35, 36, 19, 35, 36
19, 36, 20, 19, 36, 20
20, 36, 21, 20, 36, 21
20, 21, 5, 20, 21, 5
21, 37, 38, 21, 37, 38
21, 38, 22, 21, 38, 22
22, 38, 39, 22, 38, 39
22, 39, 23, 22, 39, 23
23, 39, 40, 23, 39, 40
23, 40, 24, 23, 40, 24
24, 40, 41, 24, 40, 41
24, 41, 25, 24, 41, 25
25, 41, 42, 25, 41, 42
25, 42, 26, 25, 42, 26
26, 42, 43, 26, 42, 43
26, 43, 27, 26, 43, 27
27, 43, 44, 27, 43, 44
27, 44, 28, 27, 44, 28
28, 44, 45, 28, 44, 45
28, 45, 29, 28, 45, 29
29, 45, 46, 29, 45, 46
29, 46, 30, 29, 46, 30
30, 46, 47, 30, 46, 47
30, 47, 31, 30, 47, 31
31, 47, 48, 31, 47, 48
31, 48, 32, 31, 48, 32
32, 48, 49, 32, 48, 49
32, 49, 33, 32, 49, 33
33, 49, 50, 33, 49, 50
33, 50, 34, 33, 50, 34
34, 50, 51, 34, 50, 51
34, 51, 35, 34, 51, 35
35, 51, 52, 35, 51, 52
35, 52, 36, 35, 52, 36
36, 52, 37, 36, 52, 37
36, 37, 21, 36, 37, 21
37, 53, 54, 53, 69, 70
37, 54, 38, 53, 70, 54
38, 54, 55, 54, 70, 71
38, 55, 39, 54, 71, 55
39, 55, 56, 55, 71, 72
39, 56, 40, 55, 72, 56
40, 56, 57, 56, 72, 73
40, 57, 41, 56, 73, 57
41, 57, 58, 57, 73, 74
41, 58, 42, 57, 74, 58
42, 58, 59, 58, 74, 75
42, 59, 43, 58, 75, 59
43, 59, 60, 59, 75, 76
43, 60, 44, 59, 76, 60
44, 60, 61, 60, 76, 77
44, 61, 45, 60, 77, 61
45, 61, 62, 61, 77, 78
45, 62, 46, 61, 78, 62
46, 62, 63, 62, 78, 79
46, 63, 47, 62, 79, 63
47, 63, 64, 63, 79, 80
47, 64, 48, 63, 80, 64
48, 64, 65, 64, 80, 81
48, 65, 49, 64, 81, 65
49, 65, 66, 65, 81, 82
49, 66, 50, 65, 82, 66
50, 66, 67, 66, 82, 83
50, 67, 51, 66, 83, 67
51, 67, 68, 67, 83, 84
51, 68, 52, 67, 84, 68
52, 68, 53, 68, 84, 138
52, 53, 37, 68, 138, 137
53, 69, 70, 85, 101, 102
53, 70, 54, 85, 102, 86
54, 70, 71, 86, 102, 103
54, 71, 55, 86, 103, 87
55, 71, 72, 87, 103, 104
55, 72, 56, 87, 104, 88
56, 72, 73, 88, 104, 105
56, 73, 57, 88, 105, 89
57, 73, 74, 89, 105, 106
57, 74, 58, 89, 106, 90
58, 74, 75, 90, 106, 107
58, 75, 59, 90, 107, 91
59, 75, 76, 91, 107, 108
59, 76, 60, 91, 108, 92
60, 76, 77, 92, 108, 109
60, 77, 61, 92, 109, 93
61, 77, 78, 93, 109, 110
61, 78, 62, 93, 110, 94
62, 78, 79, 94, 110, 111
62, 79, 63, 94, 111, 95
63, 79, 80, 95, 111, 112
63, 80, 64, 95, 112, 96
64, 80, 81, 96, 112, 113
64, 81, 65, 96, 113, 97
65, 81, 82, 97, 113, 114
65, 82, 66, 97, 114, 98
66, 82, 83, 98, 114, 115
66, 83, 67, 98, 115, 99
67, 83, 84, 99, 115, 116
67, 84, 68, 99, 116, 100
68, 84, 69, 100, 116, 101
68, 69, 53, 100, 101, 85
69, 85, 86, 101, 117, 118
69, 86, 70, 101, 118, 102
70, 86, 87, 102, 118, 119
70, 87, 71, 102, 119, 103
71, 87, 88, 103, 119, 120
71, 88, 72, 103, 120, 104
72, 88, 89, 104, 120, 121
72, 89, 73, 104, 121, 105
73, 89, 90, 105, 121, 122
73, 90, 74, 105, 122, 106
74, 90, 91, 106, 122, 123
74, 91, 75, 106, 123, 107
75, 91, 92, 107, 123, 124
75, 92, 76, 107, 124, 108
76, 92, 93, 108, 124, 125
76, 93, 77, 108, 125, 109
77, 93, 94, 109, 125, 126
77, 94, 78, 109, 126, 110
78, 94, 95, 110, 126, 127
78, 95, 79, 110, 127, 111
79, 95, 96, 111, 127, 128
79, 96, 80, 111, 128, 112
80, 96, 97, 112, 128, 129
80, 97, 81, 112, 129, 113
81, 97, 98, 113, 129, 130
81, 98, 82, 113, 130, 114
82, 98, 99, 114, 130, 131
82, 99, 83, 114, 131, 115
83, 99, 100, 115, 131, 132
83, 100, 84, 115, 132, 116
84, 100, 85, 116, 132, 117
84, 85, 69, 116, 117, 101
85, 104, 86, 117, 136, 118
86, 104, 87, 118, 136, 119
87, 104, 88, 119, 136, 120
88, 104, 102, 120, 136, 134
88, 102, 89, 120, 134, 121
89, 102, 90, 121, 134, 122
90, 102, 91, 122, 134, 123
91, 102, 92, 123, 134, 124
92, 102, 101, 124, 134, 133
92, 101, 93, 124, 133, 125
93, 101, 94, 125, 133, 126
94, 101, 95, 126, 133, 127
95, 101, 96, 127, 133, 128
96, 101, 103, 128, 133, 135
96, 103, 97, 128, 135, 129
97, 103, 98, 129, 135, 130
98, 103, 99, 130, 135, 131
99, 103, 100, 131, 135, 132
100, 103, 104, 132, 135, 136
100, 104, 85, 132, 136, 117
103, 101, 102, 135, 133, 134
103, 102, 104, 135, 134, 136
</geometry>
