
//PixelForce RayTracer Mesh File


<geometry>
8,16,12
 .5, .2887, 1
 0, 0, 1
 1, 0, 1
 .5, .866, 1
 0, 0, 0
 1, 0, 0
 .5, .866, 0
 .5, .2887, 0
 .5, .3333
 0, 0
 1, 0
 .5, 1
 0, 1
 .3333, 1
 .6667, 1
 1, 1
 0, 0
 .3333, 0
 .6667, 0
 1, 0
 1, 1
 0, 1
 .5, 0
 .5, .6667
1, 2, 3, 1, 2, 3
1, 3, 4, 1, 3, 4
1, 4, 2, 1, 4, 2
2, 5, 6, 5, 9, 10
2, 6, 3, 5, 10, 6
3, 6, 7, 6, 10, 11
3, 7, 4, 6, 11, 7
4, 7, 5, 7, 11, 12
4, 5, 2, 7, 12, 8
5, 8, 6, 13, 16, 14
6, 8, 7, 14, 16, 15
7, 8, 5, 15, 16, 13
</geometry>
