
//PixelForce RayTracer Mesh File


<geometry>
482,561,960
 0, 0, 1
 0, .1951, .9808
-.0381, .1913, .9808
-.0747, .1802, .9808
-.1084, .1622, .9808
-.1379, .1379, .9808
-.1622, .1084, .9808
-.1802, .0747, .9808
-.1913, .0381, .9808
-.1951, 0, .9808
-.1913,-.0381, .9808
-.1802,-.0747, .9808
-.1622,-.1084, .9808
-.1379,-.1379, .9808
-.1084,-.1622, .9808
-.0747,-.1802, .9808
-.0381,-.1913, .9808
 0,-.1951, .9808
 .0381,-.1913, .9808
 .0747,-.1802, .9808
 .1084,-.1622, .9808
 .1379,-.1379, .9808
 .1622,-.1084, .9808
 .1802,-.0747, .9808
 .1913,-.0381, .9808
 .1951, 0, .9808
 .1913, .0381, .9808
 .1802, .0747, .9808
 .1622, .1084, .9808
 .1379, .1379, .9808
 .1084, .1622, .9808
 .0747, .1802, .9808
 .0381, .1913, .9808
 0, .3827, .9239
-.0747, .3753, .9239
-.1464, .3536, .9239
-.2126, .3182, .9239
-.2706, .2706, .9239
-.3182, .2126, .9239
-.3536, .1464, .9239
-.3753, .0747, .9239
-.3827, 0, .9239
-.3753,-.0747, .9239
-.3536,-.1464, .9239
-.3182,-.2126, .9239
-.2706,-.2706, .9239
-.2126,-.3182, .9239
-.1464,-.3536, .9239
-.0747,-.3753, .9239
 0,-.3827, .9239
 .0747,-.3753, .9239
 .1464,-.3536, .9239
 .2126,-.3182, .9239
 .2706,-.2706, .9239
 .3182,-.2126, .9239
 .3536,-.1464, .9239
 .3753,-.0747, .9239
 .3827, 0, .9239
 .3753, .0747, .9239
 .3536, .1464, .9239
 .3182, .2126, .9239
 .2706, .2706, .9239
 .2126, .3182, .9239
 .1464, .3536, .9239
 .0747, .3753, .9239
 0, .5556, .8315
-.1084, .5449, .8315
-.2126, .5133, .8315
-.3087, .4619, .8315
-.3928, .3928, .8315
-.4619, .3087, .8315
-.5133, .2126, .8315
-.5449, .1084, .8315
-.5556, 0, .8315
-.5449,-.1084, .8315
-.5133,-.2126, .8315
-.4619,-.3087, .8315
-.3928,-.3928, .8315
-.3087,-.4619, .8315
-.2126,-.5133, .8315
-.1084,-.5449, .8315
 0,-.5556, .8315
 .1084,-.5449, .8315
 .2126,-.5133, .8315
 .3087,-.4619, .8315
 .3928,-.3928, .8315
 .4619,-.3087, .8315
 .5133,-.2126, .8315
 .5449,-.1084, .8315
 .5556, 0, .8315
 .5449, .1084, .8315
 .5133, .2126, .8315
 .4619, .3087, .8315
 .3928, .3928, .8315
 .3087, .4619, .8315
 .2126, .5133, .8315
 .1084, .5449, .8315
 0, .7071, .7071
-.1379, .6935, .7071
-.2706, .6533, .7071
-.3928, .5879, .7071
-.5, .5, .7071
-.5879, .3928, .7071
-.6533, .2706, .7071
-.6935, .1379, .7071
-.7071, 0, .7071
-.6935,-.1379, .7071
-.6533,-.2706, .7071
-.5879,-.3928, .7071
-.5,-.5, .7071
-.3928,-.5879, .7071
-.2706,-.6533, .7071
-.1379,-.6935, .7071
 0,-.7071, .7071
 .1379,-.6935, .7071
 .2706,-.6533, .7071
 .3928,-.5879, .7071
 .5,-.5, .7071
 .5879,-.3928, .7071
 .6533,-.2706, .7071
 .6935,-.1379, .7071
 .7071, 0, .7071
 .6935, .1379, .7071
 .6533, .2706, .7071
 .5879, .3928, .7071
 .5, .5, .7071
 .3928, .5879, .7071
 .2706, .6533, .7071
 .1379, .6935, .7071
 0, .8315, .5556
-.1622, .8155, .5556
-.3182, .7682, .5556
-.4619, .6913, .5556
-.5879, .5879, .5556
-.6913, .4619, .5556
-.7682, .3182, .5556
-.8155, .1622, .5556
-.8315, 0, .5556
-.8155,-.1622, .5556
-.7682,-.3182, .5556
-.6913,-.4619, .5556
-.5879,-.5879, .5556
-.4619,-.6913, .5556
-.3182,-.7682, .5556
-.1622,-.8155, .5556
 0,-.8315, .5556
 .1622,-.8155, .5556
 .3182,-.7682, .5556
 .4619,-.6913, .5556
 .5879,-.5879, .5556
 .6913,-.4619, .5556
 .7682,-.3182, .5556
 .8155,-.1622, .5556
 .8315, 0, .5556
 .8155, .1622, .5556
 .7682, .3182, .5556
 .6913, .4619, .5556
 .5879, .5879, .5556
 .4619, .6913, .5556
 .3182, .7682, .5556
 .1622, .8155, .5556
 0, .9239, .3827
-.1802, .9061, .3827
-.3536, .8536, .3827
-.5133, .7682, .3827
-.6533, .6533, .3827
-.7682, .5133, .3827
-.8536, .3536, .3827
-.9061, .1802, .3827
-.9239, 0, .3827
-.9061,-.1802, .3827
-.8536,-.3536, .3827
-.7682,-.5133, .3827
-.6533,-.6533, .3827
-.5133,-.7682, .3827
-.3536,-.8536, .3827
-.1802,-.9061, .3827
 0,-.9239, .3827
 .1802,-.9061, .3827
 .3536,-.8536, .3827
 .5133,-.7682, .3827
 .6533,-.6533, .3827
 .7682,-.5133, .3827
 .8536,-.3536, .3827
 .9061,-.1802, .3827
 .9239, 0, .3827
 .9061, .1802, .3827
 .8536, .3536, .3827
 .7682, .5133, .3827
 .6533, .6533, .3827
 .5133, .7682, .3827
 .3536, .8536, .3827
 .1802, .9061, .3827
 0, .9808, .1951
-.1913, .9619, .1951
-.3753, .9061, .1951
-.5449, .8155, .1951
-.6935, .6935, .1951
-.8155, .5449, .1951
-.9061, .3753, .1951
-.9619, .1913, .1951
-.9808, 0, .1951
-.9619,-.1913, .1951
-.9061,-.3753, .1951
-.8155,-.5449, .1951
-.6935,-.6935, .1951
-.5449,-.8155, .1951
-.3753,-.9061, .1951
-.1913,-.9619, .1951
 0,-.9808, .1951
 .1913,-.9619, .1951
 .3753,-.9061, .1951
 .5449,-.8155, .1951
 .6935,-.6935, .1951
 .8155,-.5449, .1951
 .9061,-.3753, .1951
 .9619,-.1913, .1951
 .9808, 0, .1951
 .9619, .1913, .1951
 .9061, .3753, .1951
 .8155, .5449, .1951
 .6935, .6935, .1951
 .5449, .8155, .1951
 .3753, .9061, .1951
 .1913, .9619, .1951
 0, 1, 0
-.1951, .9808, 0
-.3827, .9239, 0
-.5556, .8315, 0
-.7071, .7071, 0
-.8315, .5556, 0
-.9239, .3827, 0
-.9808, .1951, 0
-1, 0, 0
-.9808,-.1951, 0
-.9239,-.3827, 0
-.8315,-.5556, 0
-.7071,-.7071, 0
-.5556,-.8315, 0
-.3827,-.9239, 0
-.1951,-.9808, 0
 0,-1, 0
 .1951,-.9808, 0
 .3827,-.9239, 0
 .5556,-.8315, 0
 .7071,-.7071, 0
 .8315,-.5556, 0
 .9239,-.3827, 0
 .9808,-.1951, 0
 1, 0, 0
 .9808, .1951, 0
 .9239, .3827, 0
 .8315, .5556, 0
 .7071, .7071, 0
 .5556, .8315, 0
 .3827, .9239, 0
 .1951, .9808, 0
 0, .9808,-.1951
-.1913, .9619,-.1951
-.3753, .9061,-.1951
-.5449, .8155,-.1951
-.6935, .6935,-.1951
-.8155, .5449,-.1951
-.9061, .3753,-.1951
-.9619, .1913,-.1951
-.9808, 0,-.1951
-.9619,-.1913,-.1951
-.9061,-.3753,-.1951
-.8155,-.5449,-.1951
-.6935,-.6935,-.1951
-.5449,-.8155,-.1951
-.3753,-.9061,-.1951
-.1913,-.9619,-.1951
 0,-.9808,-.1951
 .1913,-.9619,-.1951
 .3753,-.9061,-.1951
 .5449,-.8155,-.1951
 .6935,-.6935,-.1951
 .8155,-.5449,-.1951
 .9061,-.3753,-.1951
 .9619,-.1913,-.1951
 .9808, 0,-.1951
 .9619, .1913,-.1951
 .9061, .3753,-.1951
 .8155, .5449,-.1951
 .6935, .6935,-.1951
 .5449, .8155,-.1951
 .3753, .9061,-.1951
 .1913, .9619,-.1951
 0, .9239,-.3827
-.1802, .9061,-.3827
-.3536, .8536,-.3827
-.5133, .7682,-.3827
-.6533, .6533,-.3827
-.7682, .5133,-.3827
-.8536, .3536,-.3827
-.9061, .1802,-.3827
-.9239, 0,-.3827
-.9061,-.1802,-.3827
-.8536,-.3536,-.3827
-.7682,-.5133,-.3827
-.6533,-.6533,-.3827
-.5133,-.7682,-.3827
-.3536,-.8536,-.3827
-.1802,-.9061,-.3827
 0,-.9239,-.3827
 .1802,-.9061,-.3827
 .3536,-.8536,-.3827
 .5133,-.7682,-.3827
 .6533,-.6533,-.3827
 .7682,-.5133,-.3827
 .8536,-.3536,-.3827
 .9061,-.1802,-.3827
 .9239, 0,-.3827
 .9061, .1802,-.3827
 .8536, .3536,-.3827
 .7682, .5133,-.3827
 .6533, .6533,-.3827
 .5133, .7682,-.3827
 .3536, .8536,-.3827
 .1802, .9061,-.3827
 0, .8315,-.5556
-.1622, .8155,-.5556
-.3182, .7682,-.5556
-.4619, .6913,-.5556
-.5879, .5879,-.5556
-.6913, .4619,-.5556
-.7682, .3182,-.5556
-.8155, .1622,-.5556
-.8315, 0,-.5556
-.8155,-.1622,-.5556
-.7682,-.3182,-.5556
-.6913,-.4619,-.5556
-.5879,-.5879,-.5556
-.4619,-.6913,-.5556
-.3182,-.7682,-.5556
-.1622,-.8155,-.5556
 0,-.8315,-.5556
 .1622,-.8155,-.5556
 .3182,-.7682,-.5556
 .4619,-.6913,-.5556
 .5879,-.5879,-.5556
 .6913,-.4619,-.5556
 .7682,-.3182,-.5556
 .8155,-.1622,-.5556
 .8315, 0,-.5556
 .8155, .1622,-.5556
 .7682, .3182,-.5556
 .6913, .4619,-.5556
 .5879, .5879,-.5556
 .4619, .6913,-.5556
 .3182, .7682,-.5556
 .1622, .8155,-.5556
 0, .7071,-.7071
-.1379, .6935,-.7071
-.2706, .6533,-.7071
-.3928, .5879,-.7071
-.5, .5,-.7071
-.5879, .3928,-.7071
-.6533, .2706,-.7071
-.6935, .1379,-.7071
-.7071, 0,-.7071
-.6935,-.1379,-.7071
-.6533,-.2706,-.7071
-.5879,-.3928,-.7071
-.5,-.5,-.7071
-.3928,-.5879,-.7071
-.2706,-.6533,-.7071
-.1379,-.6935,-.7071
 0,-.7071,-.7071
 .1379,-.6935,-.7071
 .2706,-.6533,-.7071
 .3928,-.5879,-.7071
 .5,-.5,-.7071
 .5879,-.3928,-.7071
 .6533,-.2706,-.7071
 .6935,-.1379,-.7071
 .7071, 0,-.7071
 .6935, .1379,-.7071
 .6533, .2706,-.7071
 .5879, .3928,-.7071
 .5, .5,-.7071
 .3928, .5879,-.7071
 .2706, .6533,-.7071
 .1379, .6935,-.7071
 0, .5556,-.8315
-.1084, .5449,-.8315
-.2126, .5133,-.8315
-.3087, .4619,-.8315
-.3928, .3928,-.8315
-.4619, .3087,-.8315
-.5133, .2126,-.8315
-.5449, .1084,-.8315
-.5556, 0,-.8315
-.5449,-.1084,-.8315
-.5133,-.2126,-.8315
-.4619,-.3087,-.8315
-.3928,-.3928,-.8315
-.3087,-.4619,-.8315
-.2126,-.5133,-.8315
-.1084,-.5449,-.8315
 0,-.5556,-.8315
 .1084,-.5449,-.8315
 .2126,-.5133,-.8315
 .3087,-.4619,-.8315
 .3928,-.3928,-.8315
 .4619,-.3087,-.8315
 .5133,-.2126,-.8315
 .5449,-.1084,-.8315
 .5556, 0,-.8315
 .5449, .1084,-.8315
 .5133, .2126,-.8315
 .4619, .3087,-.8315
 .3928, .3928,-.8315
 .3087, .4619,-.8315
 .2126, .5133,-.8315
 .1084, .5449,-.8315
 0, .3827,-.9239
-.0747, .3753,-.9239
-.1464, .3536,-.9239
-.2126, .3182,-.9239
-.2706, .2706,-.9239
-.3182, .2126,-.9239
-.3536, .1464,-.9239
-.3753, .0747,-.9239
-.3827, 0,-.9239
-.3753,-.0747,-.9239
-.3536,-.1464,-.9239
-.3182,-.2126,-.9239
-.2706,-.2706,-.9239
-.2126,-.3182,-.9239
-.1464,-.3536,-.9239
-.0747,-.3753,-.9239
 0,-.3827,-.9239
 .0747,-.3753,-.9239
 .1464,-.3536,-.9239
 .2126,-.3182,-.9239
 .2706,-.2706,-.9239
 .3182,-.2126,-.9239
 .3536,-.1464,-.9239
 .3753,-.0747,-.9239
 .3827, 0,-.9239
 .3753, .0747,-.9239
 .3536, .1464,-.9239
 .3182, .2126,-.9239
 .2706, .2706,-.9239
 .2126, .3182,-.9239
 .1464, .3536,-.9239
 .0747, .3753,-.9239
 0, .1951,-.9808
-.0381, .1913,-.9808
-.0747, .1802,-.9808
-.1084, .1622,-.9808
-.1379, .1379,-.9808
-.1622, .1084,-.9808
-.1802, .0747,-.9808
-.1913, .0381,-.9808
-.1951, 0,-.9808
-.1913,-.0381,-.9808
-.1802,-.0747,-.9808
-.1622,-.1084,-.9808
-.1379,-.1379,-.9808
-.1084,-.1622,-.9808
-.0747,-.1802,-.9808
-.0381,-.1913,-.9808
 0,-.1951,-.9808
 .0381,-.1913,-.9808
 .0747,-.1802,-.9808
 .1084,-.1622,-.9808
 .1379,-.1379,-.9808
 .1622,-.1084,-.9808
 .1802,-.0747,-.9808
 .1913,-.0381,-.9808
 .1951, 0,-.9808
 .1913, .0381,-.9808
 .1802, .0747,-.9808
 .1622, .1084,-.9808
 .1379, .1379,-.9808
 .1084, .1622,-.9808
 .0747, .1802,-.9808
 .0381, .1913,-.9808
 0, 0,-1
 0, 1
 .0313, 1
 .0625, 1
 .0938, 1
 .125, 1
 .1563, 1
 .1875, 1
 .2188, 1
 .25, 1
 .2813, 1
 .3125, 1
 .3438, 1
 .375, 1
 .4063, 1
 .4375, 1
 .4688, 1
 .5, 1
 .5313, 1
 .5625, 1
 .5938, 1
 .625, 1
 .6563, 1
 .6875, 1
 .7188, 1
 .75, 1
 .7813, 1
 .8125, 1
 .8438, 1
 .875, 1
 .9063, 1
 .9375, 1
 .9688, 1
 1, 1
 0, .9375
 .0313, .9375
 .0625, .9375
 .0938, .9375
 .125, .9375
 .1563, .9375
 .1875, .9375
 .2188, .9375
 .25, .9375
 .2813, .9375
 .3125, .9375
 .3438, .9375
 .375, .9375
 .4063, .9375
 .4375, .9375
 .4688, .9375
 .5, .9375
 .5313, .9375
 .5625, .9375
 .5938, .9375
 .625, .9375
 .6563, .9375
 .6875, .9375
 .7188, .9375
 .75, .9375
 .7813, .9375
 .8125, .9375
 .8438, .9375
 .875, .9375
 .9063, .9375
 .9375, .9375
 .9688, .9375
 1, .9375
 0, .875
 .0313, .875
 .0625, .875
 .0938, .875
 .125, .875
 .1563, .875
 .1875, .875
 .2188, .875
 .25, .875
 .2813, .875
 .3125, .875
 .3438, .875
 .375, .875
 .4063, .875
 .4375, .875
 .4688, .875
 .5, .875
 .5313, .875
 .5625, .875
 .5938, .875
 .625, .875
 .6563, .875
 .6875, .875
 .7188, .875
 .75, .875
 .7813, .875
 .8125, .875
 .8438, .875
 .875, .875
 .9063, .875
 .9375, .875
 .9688, .875
 1, .875
 0, .8125
 .0313, .8125
 .0625, .8125
 .0938, .8125
 .125, .8125
 .1563, .8125
 .1875, .8125
 .2188, .8125
 .25, .8125
 .2813, .8125
 .3125, .8125
 .3438, .8125
 .375, .8125
 .4063, .8125
 .4375, .8125
 .4688, .8125
 .5, .8125
 .5313, .8125
 .5625, .8125
 .5938, .8125
 .625, .8125
 .6563, .8125
 .6875, .8125
 .7188, .8125
 .75, .8125
 .7813, .8125
 .8125, .8125
 .8438, .8125
 .875, .8125
 .9063, .8125
 .9375, .8125
 .9688, .8125
 1, .8125
 0, .75
 .0313, .75
 .0625, .75
 .0938, .75
 .125, .75
 .1563, .75
 .1875, .75
 .2188, .75
 .25, .75
 .2813, .75
 .3125, .75
 .3438, .75
 .375, .75
 .4063, .75
 .4375, .75
 .4688, .75
 .5, .75
 .5313, .75
 .5625, .75
 .5938, .75
 .625, .75
 .6563, .75
 .6875, .75
 .7188, .75
 .75, .75
 .7813, .75
 .8125, .75
 .8438, .75
 .875, .75
 .9063, .75
 .9375, .75
 .9688, .75
 1, .75
 0, .6875
 .0313, .6875
 .0625, .6875
 .0938, .6875
 .125, .6875
 .1563, .6875
 .1875, .6875
 .2188, .6875
 .25, .6875
 .2813, .6875
 .3125, .6875
 .3438, .6875
 .375, .6875
 .4063, .6875
 .4375, .6875
 .4688, .6875
 .5, .6875
 .5313, .6875
 .5625, .6875
 .5938, .6875
 .625, .6875
 .6563, .6875
 .6875, .6875
 .7188, .6875
 .75, .6875
 .7813, .6875
 .8125, .6875
 .8438, .6875
 .875, .6875
 .9063, .6875
 .9375, .6875
 .9688, .6875
 1, .6875
 0, .625
 .0313, .625
 .0625, .625
 .0938, .625
 .125, .625
 .1563, .625
 .1875, .625
 .2188, .625
 .25, .625
 .2813, .625
 .3125, .625
 .3438, .625
 .375, .625
 .4063, .625
 .4375, .625
 .4688, .625
 .5, .625
 .5313, .625
 .5625, .625
 .5938, .625
 .625, .625
 .6563, .625
 .6875, .625
 .7188, .625
 .75, .625
 .7813, .625
 .8125, .625
 .8438, .625
 .875, .625
 .9063, .625
 .9375, .625
 .9688, .625
 1, .625
 0, .5625
 .0313, .5625
 .0625, .5625
 .0938, .5625
 .125, .5625
 .1563, .5625
 .1875, .5625
 .2188, .5625
 .25, .5625
 .2813, .5625
 .3125, .5625
 .3438, .5625
 .375, .5625
 .4063, .5625
 .4375, .5625
 .4688, .5625
 .5, .5625
 .5313, .5625
 .5625, .5625
 .5938, .5625
 .625, .5625
 .6563, .5625
 .6875, .5625
 .7188, .5625
 .75, .5625
 .7813, .5625
 .8125, .5625
 .8438, .5625
 .875, .5625
 .9063, .5625
 .9375, .5625
 .9688, .5625
 1, .5625
 0, .5
 .0313, .5
 .0625, .5
 .0938, .5
 .125, .5
 .1563, .5
 .1875, .5
 .2188, .5
 .25, .5
 .2813, .5
 .3125, .5
 .3438, .5
 .375, .5
 .4063, .5
 .4375, .5
 .4688, .5
 .5, .5
 .5313, .5
 .5625, .5
 .5938, .5
 .625, .5
 .6563, .5
 .6875, .5
 .7188, .5
 .75, .5
 .7813, .5
 .8125, .5
 .8438, .5
 .875, .5
 .9063, .5
 .9375, .5
 .9688, .5
 1, .5
 0, .4375
 .0313, .4375
 .0625, .4375
 .0938, .4375
 .125, .4375
 .1563, .4375
 .1875, .4375
 .2188, .4375
 .25, .4375
 .2813, .4375
 .3125, .4375
 .3438, .4375
 .375, .4375
 .4063, .4375
 .4375, .4375
 .4688, .4375
 .5, .4375
 .5313, .4375
 .5625, .4375
 .5938, .4375
 .625, .4375
 .6563, .4375
 .6875, .4375
 .7188, .4375
 .75, .4375
 .7813, .4375
 .8125, .4375
 .8438, .4375
 .875, .4375
 .9063, .4375
 .9375, .4375
 .9688, .4375
 1, .4375
 0, .375
 .0313, .375
 .0625, .375
 .0938, .375
 .125, .375
 .1563, .375
 .1875, .375
 .2188, .375
 .25, .375
 .2813, .375
 .3125, .375
 .3438, .375
 .375, .375
 .4063, .375
 .4375, .375
 .4688, .375
 .5, .375
 .5313, .375
 .5625, .375
 .5938, .375
 .625, .375
 .6563, .375
 .6875, .375
 .7188, .375
 .75, .375
 .7813, .375
 .8125, .375
 .8438, .375
 .875, .375
 .9063, .375
 .9375, .375
 .9688, .375
 1, .375
 0, .3125
 .0313, .3125
 .0625, .3125
 .0938, .3125
 .125, .3125
 .1563, .3125
 .1875, .3125
 .2188, .3125
 .25, .3125
 .2813, .3125
 .3125, .3125
 .3438, .3125
 .375, .3125
 .4063, .3125
 .4375, .3125
 .4688, .3125
 .5, .3125
 .5313, .3125
 .5625, .3125
 .5938, .3125
 .625, .3125
 .6563, .3125
 .6875, .3125
 .7188, .3125
 .75, .3125
 .7813, .3125
 .8125, .3125
 .8438, .3125
 .875, .3125
 .9063, .3125
 .9375, .3125
 .9688, .3125
 1, .3125
 0, .25
 .0313, .25
 .0625, .25
 .0938, .25
 .125, .25
 .1563, .25
 .1875, .25
 .2188, .25
 .25, .25
 .2813, .25
 .3125, .25
 .3438, .25
 .375, .25
 .4063, .25
 .4375, .25
 .4688, .25
 .5, .25
 .5313, .25
 .5625, .25
 .5938, .25
 .625, .25
 .6563, .25
 .6875, .25
 .7188, .25
 .75, .25
 .7813, .25
 .8125, .25
 .8438, .25
 .875, .25
 .9063, .25
 .9375, .25
 .9688, .25
 1, .25
 0, .1875
 .0313, .1875
 .0625, .1875
 .0938, .1875
 .125, .1875
 .1563, .1875
 .1875, .1875
 .2188, .1875
 .25, .1875
 .2813, .1875
 .3125, .1875
 .3438, .1875
 .375, .1875
 .4063, .1875
 .4375, .1875
 .4688, .1875
 .5, .1875
 .5313, .1875
 .5625, .1875
 .5938, .1875
 .625, .1875
 .6563, .1875
 .6875, .1875
 .7188, .1875
 .75, .1875
 .7813, .1875
 .8125, .1875
 .8438, .1875
 .875, .1875
 .9063, .1875
 .9375, .1875
 .9688, .1875
 1, .1875
 0, .125
 .0313, .125
 .0625, .125
 .0938, .125
 .125, .125
 .1563, .125
 .1875, .125
 .2188, .125
 .25, .125
 .2813, .125
 .3125, .125
 .3438, .125
 .375, .125
 .4063, .125
 .4375, .125
 .4688, .125
 .5, .125
 .5313, .125
 .5625, .125
 .5938, .125
 .625, .125
 .6563, .125
 .6875, .125
 .7188, .125
 .75, .125
 .7813, .125
 .8125, .125
 .8438, .125
 .875, .125
 .9063, .125
 .9375, .125
 .9688, .125
 1, .125
 0, .0625
 .0313, .0625
 .0625, .0625
 .0938, .0625
 .125, .0625
 .1563, .0625
 .1875, .0625
 .2188, .0625
 .25, .0625
 .2813, .0625
 .3125, .0625
 .3438, .0625
 .375, .0625
 .4063, .0625
 .4375, .0625
 .4688, .0625
 .5, .0625
 .5313, .0625
 .5625, .0625
 .5938, .0625
 .625, .0625
 .6563, .0625
 .6875, .0625
 .7188, .0625
 .75, .0625
 .7813, .0625
 .8125, .0625
 .8438, .0625
 .875, .0625
 .9063, .0625
 .9375, .0625
 .9688, .0625
 1, .0625
 0, 0
 .0313, 0
 .0625, 0
 .0938, 0
 .125, 0
 .1563, 0
 .1875, 0
 .2188, 0
 .25, 0
 .2813, 0
 .3125, 0
 .3438, 0
 .375, 0
 .4063, 0
 .4375, 0
 .4688, 0
 .5, 0
 .5313, 0
 .5625, 0
 .5938, 0
 .625, 0
 .6563, 0
 .6875, 0
 .7188, 0
 .75, 0
 .7813, 0
 .8125, 0
 .8438, 0
 .875, 0
 .9063, 0
 .9375, 0
 .9688, 0
 1, 0
1, 2, 3, 1, 34, 35
1, 3, 4, 2, 35, 36
1, 4, 5, 3, 36, 37
1, 5, 6, 4, 37, 38
1, 6, 7, 5, 38, 39
1, 7, 8, 6, 39, 40
1, 8, 9, 7, 40, 41
1, 9, 10, 8, 41, 42
1, 10, 11, 9, 42, 43
1, 11, 12, 10, 43, 44
1, 12, 13, 11, 44, 45
1, 13, 14, 12, 45, 46
1, 14, 15, 13, 46, 47
1, 15, 16, 14, 47, 48
1, 16, 17, 15, 48, 49
1, 17, 18, 16, 49, 50
1, 18, 19, 17, 50, 51
1, 19, 20, 18, 51, 52
1, 20, 21, 19, 52, 53
1, 21, 22, 20, 53, 54
1, 22, 23, 21, 54, 55
1, 23, 24, 22, 55, 56
1, 24, 25, 23, 56, 57
1, 25, 26, 24, 57, 58
1, 26, 27, 25, 58, 59
1, 27, 28, 26, 59, 60
1, 28, 29, 27, 60, 61
1, 29, 30, 28, 61, 62
1, 30, 31, 29, 62, 63
1, 31, 32, 30, 63, 64
1, 32, 33, 31, 64, 65
1, 33, 2, 32, 65, 66
2, 34, 35, 34, 67, 68
2, 35, 3, 34, 68, 35
3, 35, 36, 35, 68, 69
3, 36, 4, 35, 69, 36
4, 36, 37, 36, 69, 70
4, 37, 5, 36, 70, 37
5, 37, 38, 37, 70, 71
5, 38, 6, 37, 71, 38
6, 38, 39, 38, 71, 72
6, 39, 7, 38, 72, 39
7, 39, 40, 39, 72, 73
7, 40, 8, 39, 73, 40
8, 40, 41, 40, 73, 74
8, 41, 9, 40, 74, 41
9, 41, 42, 41, 74, 75
9, 42, 10, 41, 75, 42
10, 42, 43, 42, 75, 76
10, 43, 11, 42, 76, 43
11, 43, 44, 43, 76, 77
11, 44, 12, 43, 77, 44
12, 44, 45, 44, 77, 78
12, 45, 13, 44, 78, 45
13, 45, 46, 45, 78, 79
13, 46, 14, 45, 79, 46
14, 46, 47, 46, 79, 80
14, 47, 15, 46, 80, 47
15, 47, 48, 47, 80, 81
15, 48, 16, 47, 81, 48
16, 48, 49, 48, 81, 82
16, 49, 17, 48, 82, 49
17, 49, 50, 49, 82, 83
17, 50, 18, 49, 83, 50
18, 50, 51, 50, 83, 84
18, 51, 19, 50, 84, 51
19, 51, 52, 51, 84, 85
19, 52, 20, 51, 85, 52
20, 52, 53, 52, 85, 86
20, 53, 21, 52, 86, 53
21, 53, 54, 53, 86, 87
21, 54, 22, 53, 87, 54
22, 54, 55, 54, 87, 88
22, 55, 23, 54, 88, 55
23, 55, 56, 55, 88, 89
23, 56, 24, 55, 89, 56
24, 56, 57, 56, 89, 90
24, 57, 25, 56, 90, 57
25, 57, 58, 57, 90, 91
25, 58, 26, 57, 91, 58
26, 58, 59, 58, 91, 92
26, 59, 27, 58, 92, 59
27, 59, 60, 59, 92, 93
27, 60, 28, 59, 93, 60
28, 60, 61, 60, 93, 94
28, 61, 29, 60, 94, 61
29, 61, 62, 61, 94, 95
29, 62, 30, 61, 95, 62
30, 62, 63, 62, 95, 96
30, 63, 31, 62, 96, 63
31, 63, 64, 63, 96, 97
31, 64, 32, 63, 97, 64
32, 64, 65, 64, 97, 98
32, 65, 33, 64, 98, 65
33, 65, 34, 65, 98, 99
33, 34, 2, 65, 99, 66
34, 66, 67, 67, 100, 101
34, 67, 35, 67, 101, 68
35, 67, 68, 68, 101, 102
35, 68, 36, 68, 102, 69
36, 68, 69, 69, 102, 103
36, 69, 37, 69, 103, 70
37, 69, 70, 70, 103, 104
37, 70, 38, 70, 104, 71
38, 70, 71, 71, 104, 105
38, 71, 39, 71, 105, 72
39, 71, 72, 72, 105, 106
39, 72, 40, 72, 106, 73
40, 72, 73, 73, 106, 107
40, 73, 41, 73, 107, 74
41, 73, 74, 74, 107, 108
41, 74, 42, 74, 108, 75
42, 74, 75, 75, 108, 109
42, 75, 43, 75, 109, 76
43, 75, 76, 76, 109, 110
43, 76, 44, 76, 110, 77
44, 76, 77, 77, 110, 111
44, 77, 45, 77, 111, 78
45, 77, 78, 78, 111, 112
45, 78, 46, 78, 112, 79
46, 78, 79, 79, 112, 113
46, 79, 47, 79, 113, 80
47, 79, 80, 80, 113, 114
47, 80, 48, 80, 114, 81
48, 80, 81, 81, 114, 115
48, 81, 49, 81, 115, 82
49, 81, 82, 82, 115, 116
49, 82, 50, 82, 116, 83
50, 82, 83, 83, 116, 117
50, 83, 51, 83, 117, 84
51, 83, 84, 84, 117, 118
51, 84, 52, 84, 118, 85
52, 84, 85, 85, 118, 119
52, 85, 53, 85, 119, 86
53, 85, 86, 86, 119, 120
53, 86, 54, 86, 120, 87
54, 86, 87, 87, 120, 121
54, 87, 55, 87, 121, 88
55, 87, 88, 88, 121, 122
55, 88, 56, 88, 122, 89
56, 88, 89, 89, 122, 123
56, 89, 57, 89, 123, 90
57, 89, 90, 90, 123, 124
57, 90, 58, 90, 124, 91
58, 90, 91, 91, 124, 125
58, 91, 59, 91, 125, 92
59, 91, 92, 92, 125, 126
59, 92, 60, 92, 126, 93
60, 92, 93, 93, 126, 127
60, 93, 61, 93, 127, 94
61, 93, 94, 94, 127, 128
61, 94, 62, 94, 128, 95
62, 94, 95, 95, 128, 129
62, 95, 63, 95, 129, 96
63, 95, 96, 96, 129, 130
63, 96, 64, 96, 130, 97
64, 96, 97, 97, 130, 131
64, 97, 65, 97, 131, 98
65, 97, 66, 98, 131, 132
65, 66, 34, 98, 132, 99
66, 98, 99, 100, 133, 134
66, 99, 67, 100, 134, 101
67, 99, 100, 101, 134, 135
67, 100, 68, 101, 135, 102
68, 100, 101, 102, 135, 136
68, 101, 69, 102, 136, 103
69, 101, 102, 103, 136, 137
69, 102, 70, 103, 137, 104
70, 102, 103, 104, 137, 138
70, 103, 71, 104, 138, 105
71, 103, 104, 105, 138, 139
71, 104, 72, 105, 139, 106
72, 104, 105, 106, 139, 140
72, 105, 73, 106, 140, 107
73, 105, 106, 107, 140, 141
73, 106, 74, 107, 141, 108
74, 106, 107, 108, 141, 142
74, 107, 75, 108, 142, 109
75, 107, 108, 109, 142, 143
75, 108, 76, 109, 143, 110
76, 108, 109, 110, 143, 144
76, 109, 77, 110, 144, 111
77, 109, 110, 111, 144, 145
77, 110, 78, 111, 145, 112
78, 110, 111, 112, 145, 146
78, 111, 79, 112, 146, 113
79, 111, 112, 113, 146, 147
79, 112, 80, 113, 147, 114
80, 112, 113, 114, 147, 148
80, 113, 81, 114, 148, 115
81, 113, 114, 115, 148, 149
81, 114, 82, 115, 149, 116
82, 114, 115, 116, 149, 150
82, 115, 83, 116, 150, 117
83, 115, 116, 117, 150, 151
83, 116, 84, 117, 151, 118
84, 116, 117, 118, 151, 152
84, 117, 85, 118, 152, 119
85, 117, 118, 119, 152, 153
85, 118, 86, 119, 153, 120
86, 118, 119, 120, 153, 154
86, 119, 87, 120, 154, 121
87, 119, 120, 121, 154, 155
87, 120, 88, 121, 155, 122
88, 120, 121, 122, 155, 156
88, 121, 89, 122, 156, 123
89, 121, 122, 123, 156, 157
89, 122, 90, 123, 157, 124
90, 122, 123, 124, 157, 158
90, 123, 91, 124, 158, 125
91, 123, 124, 125, 158, 159
91, 124, 92, 125, 159, 126
92, 124, 125, 126, 159, 160
92, 125, 93, 126, 160, 127
93, 125, 126, 127, 160, 161
93, 126, 94, 127, 161, 128
94, 126, 127, 128, 161, 162
94, 127, 95, 128, 162, 129
95, 127, 128, 129, 162, 163
95, 128, 96, 129, 163, 130
96, 128, 129, 130, 163, 164
96, 129, 97, 130, 164, 131
97, 129, 98, 131, 164, 165
97, 98, 66, 131, 165, 132
98, 130, 131, 133, 166, 167
98, 131, 99, 133, 167, 134
99, 131, 132, 134, 167, 168
99, 132, 100, 134, 168, 135
100, 132, 133, 135, 168, 169
100, 133, 101, 135, 169, 136
101, 133, 134, 136, 169, 170
101, 134, 102, 136, 170, 137
102, 134, 135, 137, 170, 171
102, 135, 103, 137, 171, 138
103, 135, 136, 138, 171, 172
103, 136, 104, 138, 172, 139
104, 136, 137, 139, 172, 173
104, 137, 105, 139, 173, 140
105, 137, 138, 140, 173, 174
105, 138, 106, 140, 174, 141
106, 138, 139, 141, 174, 175
106, 139, 107, 141, 175, 142
107, 139, 140, 142, 175, 176
107, 140, 108, 142, 176, 143
108, 140, 141, 143, 176, 177
108, 141, 109, 143, 177, 144
109, 141, 142, 144, 177, 178
109, 142, 110, 144, 178, 145
110, 142, 143, 145, 178, 179
110, 143, 111, 145, 179, 146
111, 143, 144, 146, 179, 180
111, 144, 112, 146, 180, 147
112, 144, 145, 147, 180, 181
112, 145, 113, 147, 181, 148
113, 145, 146, 148, 181, 182
113, 146, 114, 148, 182, 149
114, 146, 147, 149, 182, 183
114, 147, 115, 149, 183, 150
115, 147, 148, 150, 183, 184
115, 148, 116, 150, 184, 151
116, 148, 149, 151, 184, 185
116, 149, 117, 151, 185, 152
117, 149, 150, 152, 185, 186
117, 150, 118, 152, 186, 153
118, 150, 151, 153, 186, 187
118, 151, 119, 153, 187, 154
119, 151, 152, 154, 187, 188
119, 152, 120, 154, 188, 155
120, 152, 153, 155, 188, 189
120, 153, 121, 155, 189, 156
121, 153, 154, 156, 189, 190
121, 154, 122, 156, 190, 157
122, 154, 155, 157, 190, 191
122, 155, 123, 157, 191, 158
123, 155, 156, 158, 191, 192
123, 156, 124, 158, 192, 159
124, 156, 157, 159, 192, 193
124, 157, 125, 159, 193, 160
125, 157, 158, 160, 193, 194
125, 158, 126, 160, 194, 161
126, 158, 159, 161, 194, 195
126, 159, 127, 161, 195, 162
127, 159, 160, 162, 195, 196
127, 160, 128, 162, 196, 163
128, 160, 161, 163, 196, 197
128, 161, 129, 163, 197, 164
129, 161, 130, 164, 197, 198
129, 130, 98, 164, 198, 165
130, 162, 163, 166, 199, 200
130, 163, 131, 166, 200, 167
131, 163, 164, 167, 200, 201
131, 164, 132, 167, 201, 168
132, 164, 165, 168, 201, 202
132, 165, 133, 168, 202, 169
133, 165, 166, 169, 202, 203
133, 166, 134, 169, 203, 170
134, 166, 167, 170, 203, 204
134, 167, 135, 170, 204, 171
135, 167, 168, 171, 204, 205
135, 168, 136, 171, 205, 172
136, 168, 169, 172, 205, 206
136, 169, 137, 172, 206, 173
137, 169, 170, 173, 206, 207
137, 170, 138, 173, 207, 174
138, 170, 171, 174, 207, 208
138, 171, 139, 174, 208, 175
139, 171, 172, 175, 208, 209
139, 172, 140, 175, 209, 176
140, 172, 173, 176, 209, 210
140, 173, 141, 176, 210, 177
141, 173, 174, 177, 210, 211
141, 174, 142, 177, 211, 178
142, 174, 175, 178, 211, 212
142, 175, 143, 178, 212, 179
143, 175, 176, 179, 212, 213
143, 176, 144, 179, 213, 180
144, 176, 177, 180, 213, 214
144, 177, 145, 180, 214, 181
145, 177, 178, 181, 214, 215
145, 178, 146, 181, 215, 182
146, 178, 179, 182, 215, 216
146, 179, 147, 182, 216, 183
147, 179, 180, 183, 216, 217
147, 180, 148, 183, 217, 184
148, 180, 181, 184, 217, 218
148, 181, 149, 184, 218, 185
149, 181, 182, 185, 218, 219
149, 182, 150, 185, 219, 186
150, 182, 183, 186, 219, 220
150, 183, 151, 186, 220, 187
151, 183, 184, 187, 220, 221
151, 184, 152, 187, 221, 188
152, 184, 185, 188, 221, 222
152, 185, 153, 188, 222, 189
153, 185, 186, 189, 222, 223
153, 186, 154, 189, 223, 190
154, 186, 187, 190, 223, 224
154, 187, 155, 190, 224, 191
155, 187, 188, 191, 224, 225
155, 188, 156, 191, 225, 192
156, 188, 189, 192, 225, 226
156, 189, 157, 192, 226, 193
157, 189, 190, 193, 226, 227
157, 190, 158, 193, 227, 194
158, 190, 191, 194, 227, 228
158, 191, 159, 194, 228, 195
159, 191, 192, 195, 228, 229
159, 192, 160, 195, 229, 196
160, 192, 193, 196, 229, 230
160, 193, 161, 196, 230, 197
161, 193, 162, 197, 230, 231
161, 162, 130, 197, 231, 198
162, 194, 195, 199, 232, 233
162, 195, 163, 199, 233, 200
163, 195, 196, 200, 233, 234
163, 196, 164, 200, 234, 201
164, 196, 197, 201, 234, 235
164, 197, 165, 201, 235, 202
165, 197, 198, 202, 235, 236
165, 198, 166, 202, 236, 203
166, 198, 199, 203, 236, 237
166, 199, 167, 203, 237, 204
167, 199, 200, 204, 237, 238
167, 200, 168, 204, 238, 205
168, 200, 201, 205, 238, 239
168, 201, 169, 205, 239, 206
169, 201, 202, 206, 239, 240
169, 202, 170, 206, 240, 207
170, 202, 203, 207, 240, 241
170, 203, 171, 207, 241, 208
171, 203, 204, 208, 241, 242
171, 204, 172, 208, 242, 209
172, 204, 205, 209, 242, 243
172, 205, 173, 209, 243, 210
173, 205, 206, 210, 243, 244
173, 206, 174, 210, 244, 211
174, 206, 207, 211, 244, 245
174, 207, 175, 211, 245, 212
175, 207, 208, 212, 245, 246
175, 208, 176, 212, 246, 213
176, 208, 209, 213, 246, 247
176, 209, 177, 213, 247, 214
177, 209, 210, 214, 247, 248
177, 210, 178, 214, 248, 215
178, 210, 211, 215, 248, 249
178, 211, 179, 215, 249, 216
179, 211, 212, 216, 249, 250
179, 212, 180, 216, 250, 217
180, 212, 213, 217, 250, 251
180, 213, 181, 217, 251, 218
181, 213, 214, 218, 251, 252
181, 214, 182, 218, 252, 219
182, 214, 215, 219, 252, 253
182, 215, 183, 219, 253, 220
183, 215, 216, 220, 253, 254
183, 216, 184, 220, 254, 221
184, 216, 217, 221, 254, 255
184, 217, 185, 221, 255, 222
185, 217, 218, 222, 255, 256
185, 218, 186, 222, 256, 223
186, 218, 219, 223, 256, 257
186, 219, 187, 223, 257, 224
187, 219, 220, 224, 257, 258
187, 220, 188, 224, 258, 225
188, 220, 221, 225, 258, 259
188, 221, 189, 225, 259, 226
189, 221, 222, 226, 259, 260
189, 222, 190, 226, 260, 227
190, 222, 223, 227, 260, 261
190, 223, 191, 227, 261, 228
191, 223, 224, 228, 261, 262
191, 224, 192, 228, 262, 229
192, 224, 225, 229, 262, 263
192, 225, 193, 229, 263, 230
193, 225, 194, 230, 263, 264
193, 194, 162, 230, 264, 231
194, 226, 227, 232, 265, 266
194, 227, 195, 232, 266, 233
195, 227, 228, 233, 266, 267
195, 228, 196, 233, 267, 234
196, 228, 229, 234, 267, 268
196, 229, 197, 234, 268, 235
197, 229, 230, 235, 268, 269
197, 230, 198, 235, 269, 236
198, 230, 231, 236, 269, 270
198, 231, 199, 236, 270, 237
199, 231, 232, 237, 270, 271
199, 232, 200, 237, 271, 238
200, 232, 233, 238, 271, 272
200, 233, 201, 238, 272, 239
201, 233, 234, 239, 272, 273
201, 234, 202, 239, 273, 240
202, 234, 235, 240, 273, 274
202, 235, 203, 240, 274, 241
203, 235, 236, 241, 274, 275
203, 236, 204, 241, 275, 242
204, 236, 237, 242, 275, 276
204, 237, 205, 242, 276, 243
205, 237, 238, 243, 276, 277
205, 238, 206, 243, 277, 244
206, 238, 239, 244, 277, 278
206, 239, 207, 244, 278, 245
207, 239, 240, 245, 278, 279
207, 240, 208, 245, 279, 246
208, 240, 241, 246, 279, 280
208, 241, 209, 246, 280, 247
209, 241, 242, 247, 280, 281
209, 242, 210, 247, 281, 248
210, 242, 243, 248, 281, 282
210, 243, 211, 248, 282, 249
211, 243, 244, 249, 282, 283
211, 244, 212, 249, 283, 250
212, 244, 245, 250, 283, 284
212, 245, 213, 250, 284, 251
213, 245, 246, 251, 284, 285
213, 246, 214, 251, 285, 252
214, 246, 247, 252, 285, 286
214, 247, 215, 252, 286, 253
215, 247, 248, 253, 286, 287
215, 248, 216, 253, 287, 254
216, 248, 249, 254, 287, 288
216, 249, 217, 254, 288, 255
217, 249, 250, 255, 288, 289
217, 250, 218, 255, 289, 256
218, 250, 251, 256, 289, 290
218, 251, 219, 256, 290, 257
219, 251, 252, 257, 290, 291
219, 252, 220, 257, 291, 258
220, 252, 253, 258, 291, 292
220, 253, 221, 258, 292, 259
221, 253, 254, 259, 292, 293
221, 254, 222, 259, 293, 260
222, 254, 255, 260, 293, 294
222, 255, 223, 260, 294, 261
223, 255, 256, 261, 294, 295
223, 256, 224, 261, 295, 262
224, 256, 257, 262, 295, 296
224, 257, 225, 262, 296, 263
225, 257, 226, 263, 296, 297
225, 226, 194, 263, 297, 264
226, 258, 259, 265, 298, 299
226, 259, 227, 265, 299, 266
227, 259, 260, 266, 299, 300
227, 260, 228, 266, 300, 267
228, 260, 261, 267, 300, 301
228, 261, 229, 267, 301, 268
229, 261, 262, 268, 301, 302
229, 262, 230, 268, 302, 269
230, 262, 263, 269, 302, 303
230, 263, 231, 269, 303, 270
231, 263, 264, 270, 303, 304
231, 264, 232, 270, 304, 271
232, 264, 265, 271, 304, 305
232, 265, 233, 271, 305, 272
233, 265, 266, 272, 305, 306
233, 266, 234, 272, 306, 273
234, 266, 267, 273, 306, 307
234, 267, 235, 273, 307, 274
235, 267, 268, 274, 307, 308
235, 268, 236, 274, 308, 275
236, 268, 269, 275, 308, 309
236, 269, 237, 275, 309, 276
237, 269, 270, 276, 309, 310
237, 270, 238, 276, 310, 277
238, 270, 271, 277, 310, 311
238, 271, 239, 277, 311, 278
239, 271, 272, 278, 311, 312
239, 272, 240, 278, 312, 279
240, 272, 273, 279, 312, 313
240, 273, 241, 279, 313, 280
241, 273, 274, 280, 313, 314
241, 274, 242, 280, 314, 281
242, 274, 275, 281, 314, 315
242, 275, 243, 281, 315, 282
243, 275, 276, 282, 315, 316
243, 276, 244, 282, 316, 283
244, 276, 277, 283, 316, 317
244, 277, 245, 283, 317, 284
245, 277, 278, 284, 317, 318
245, 278, 246, 284, 318, 285
246, 278, 279, 285, 318, 319
246, 279, 247, 285, 319, 286
247, 279, 280, 286, 319, 320
247, 280, 248, 286, 320, 287
248, 280, 281, 287, 320, 321
248, 281, 249, 287, 321, 288
249, 281, 282, 288, 321, 322
249, 282, 250, 288, 322, 289
250, 282, 283, 289, 322, 323
250, 283, 251, 289, 323, 290
251, 283, 284, 290, 323, 324
251, 284, 252, 290, 324, 291
252, 284, 285, 291, 324, 325
252, 285, 253, 291, 325, 292
253, 285, 286, 292, 325, 326
253, 286, 254, 292, 326, 293
254, 286, 287, 293, 326, 327
254, 287, 255, 293, 327, 294
255, 287, 288, 294, 327, 328
255, 288, 256, 294, 328, 295
256, 288, 289, 295, 328, 329
256, 289, 257, 295, 329, 296
257, 289, 258, 296, 329, 330
257, 258, 226, 296, 330, 297
258, 290, 291, 298, 331, 332
258, 291, 259, 298, 332, 299
259, 291, 292, 299, 332, 333
259, 292, 260, 299, 333, 300
260, 292, 293, 300, 333, 334
260, 293, 261, 300, 334, 301
261, 293, 294, 301, 334, 335
261, 294, 262, 301, 335, 302
262, 294, 295, 302, 335, 336
262, 295, 263, 302, 336, 303
263, 295, 296, 303, 336, 337
263, 296, 264, 303, 337, 304
264, 296, 297, 304, 337, 338
264, 297, 265, 304, 338, 305
265, 297, 298, 305, 338, 339
265, 298, 266, 305, 339, 306
266, 298, 299, 306, 339, 340
266, 299, 267, 306, 340, 307
267, 299, 300, 307, 340, 341
267, 300, 268, 307, 341, 308
268, 300, 301, 308, 341, 342
268, 301, 269, 308, 342, 309
269, 301, 302, 309, 342, 343
269, 302, 270, 309, 343, 310
270, 302, 303, 310, 343, 344
270, 303, 271, 310, 344, 311
271, 303, 304, 311, 344, 345
271, 304, 272, 311, 345, 312
272, 304, 305, 312, 345, 346
272, 305, 273, 312, 346, 313
273, 305, 306, 313, 346, 347
273, 306, 274, 313, 347, 314
274, 306, 307, 314, 347, 348
274, 307, 275, 314, 348, 315
275, 307, 308, 315, 348, 349
275, 308, 276, 315, 349, 316
276, 308, 309, 316, 349, 350
276, 309, 277, 316, 350, 317
277, 309, 310, 317, 350, 351
277, 310, 278, 317, 351, 318
278, 310, 311, 318, 351, 352
278, 311, 279, 318, 352, 319
279, 311, 312, 319, 352, 353
279, 312, 280, 319, 353, 320
280, 312, 313, 320, 353, 354
280, 313, 281, 320, 354, 321
281, 313, 314, 321, 354, 355
281, 314, 282, 321, 355, 322
282, 314, 315, 322, 355, 356
282, 315, 283, 322, 356, 323
283, 315, 316, 323, 356, 357
283, 316, 284, 323, 357, 324
284, 316, 317, 324, 357, 358
284, 317, 285, 324, 358, 325
285, 317, 318, 325, 358, 359
285, 318, 286, 325, 359, 326
286, 318, 319, 326, 359, 360
286, 319, 287, 326, 360, 327
287, 319, 320, 327, 360, 361
287, 320, 288, 327, 361, 328
288, 320, 321, 328, 361, 362
288, 321, 289, 328, 362, 329
289, 321, 290, 329, 362, 363
289, 290, 258, 329, 363, 330
290, 322, 323, 331, 364, 365
290, 323, 291, 331, 365, 332
291, 323, 324, 332, 365, 366
291, 324, 292, 332, 366, 333
292, 324, 325, 333, 366, 367
292, 325, 293, 333, 367, 334
293, 325, 326, 334, 367, 368
293, 326, 294, 334, 368, 335
294, 326, 327, 335, 368, 369
294, 327, 295, 335, 369, 336
295, 327, 328, 336, 369, 370
295, 328, 296, 336, 370, 337
296, 328, 329, 337, 370, 371
296, 329, 297, 337, 371, 338
297, 329, 330, 338, 371, 372
297, 330, 298, 338, 372, 339
298, 330, 331, 339, 372, 373
298, 331, 299, 339, 373, 340
299, 331, 332, 340, 373, 374
299, 332, 300, 340, 374, 341
300, 332, 333, 341, 374, 375
300, 333, 301, 341, 375, 342
301, 333, 334, 342, 375, 376
301, 334, 302, 342, 376, 343
302, 334, 335, 343, 376, 377
302, 335, 303, 343, 377, 344
303, 335, 336, 344, 377, 378
303, 336, 304, 344, 378, 345
304, 336, 337, 345, 378, 379
304, 337, 305, 345, 379, 346
305, 337, 338, 346, 379, 380
305, 338, 306, 346, 380, 347
306, 338, 339, 347, 380, 381
306, 339, 307, 347, 381, 348
307, 339, 340, 348, 381, 382
307, 340, 308, 348, 382, 349
308, 340, 341, 349, 382, 383
308, 341, 309, 349, 383, 350
309, 341, 342, 350, 383, 384
309, 342, 310, 350, 384, 351
310, 342, 343, 351, 384, 385
310, 343, 311, 351, 385, 352
311, 343, 344, 352, 385, 386
311, 344, 312, 352, 386, 353
312, 344, 345, 353, 386, 387
312, 345, 313, 353, 387, 354
313, 345, 346, 354, 387, 388
313, 346, 314, 354, 388, 355
314, 346, 347, 355, 388, 389
314, 347, 315, 355, 389, 356
315, 347, 348, 356, 389, 390
315, 348, 316, 356, 390, 357
316, 348, 349, 357, 390, 391
316, 349, 317, 357, 391, 358
317, 349, 350, 358, 391, 392
317, 350, 318, 358, 392, 359
318, 350, 351, 359, 392, 393
318, 351, 319, 359, 393, 360
319, 351, 352, 360, 393, 394
319, 352, 320, 360, 394, 361
320, 352, 353, 361, 394, 395
320, 353, 321, 361, 395, 362
321, 353, 322, 362, 395, 396
321, 322, 290, 362, 396, 363
322, 354, 355, 364, 397, 398
322, 355, 323, 364, 398, 365
323, 355, 356, 365, 398, 399
323, 356, 324, 365, 399, 366
324, 356, 357, 366, 399, 400
324, 357, 325, 366, 400, 367
325, 357, 358, 367, 400, 401
325, 358, 326, 367, 401, 368
326, 358, 359, 368, 401, 402
326, 359, 327, 368, 402, 369
327, 359, 360, 369, 402, 403
327, 360, 328, 369, 403, 370
328, 360, 361, 370, 403, 404
328, 361, 329, 370, 404, 371
329, 361, 362, 371, 404, 405
329, 362, 330, 371, 405, 372
330, 362, 363, 372, 405, 406
330, 363, 331, 372, 406, 373
331, 363, 364, 373, 406, 407
331, 364, 332, 373, 407, 374
332, 364, 365, 374, 407, 408
332, 365, 333, 374, 408, 375
333, 365, 366, 375, 408, 409
333, 366, 334, 375, 409, 376
334, 366, 367, 376, 409, 410
334, 367, 335, 376, 410, 377
335, 367, 368, 377, 410, 411
335, 368, 336, 377, 411, 378
336, 368, 369, 378, 411, 412
336, 369, 337, 378, 412, 379
337, 369, 370, 379, 412, 413
337, 370, 338, 379, 413, 380
338, 370, 371, 380, 413, 414
338, 371, 339, 380, 414, 381
339, 371, 372, 381, 414, 415
339, 372, 340, 381, 415, 382
340, 372, 373, 382, 415, 416
340, 373, 341, 382, 416, 383
341, 373, 374, 383, 416, 417
341, 374, 342, 383, 417, 384
342, 374, 375, 384, 417, 418
342, 375, 343, 384, 418, 385
343, 375, 376, 385, 418, 419
343, 376, 344, 385, 419, 386
344, 376, 377, 386, 419, 420
344, 377, 345, 386, 420, 387
345, 377, 378, 387, 420, 421
345, 378, 346, 387, 421, 388
346, 378, 379, 388, 421, 422
346, 379, 347, 388, 422, 389
347, 379, 380, 389, 422, 423
347, 380, 348, 389, 423, 390
348, 380, 381, 390, 423, 424
348, 381, 349, 390, 424, 391
349, 381, 382, 391, 424, 425
349, 382, 350, 391, 425, 392
350, 382, 383, 392, 425, 426
350, 383, 351, 392, 426, 393
351, 383, 384, 393, 426, 427
351, 384, 352, 393, 427, 394
352, 384, 385, 394, 427, 428
352, 385, 353, 394, 428, 395
353, 385, 354, 395, 428, 429
353, 354, 322, 395, 429, 396
354, 386, 387, 397, 430, 431
354, 387, 355, 397, 431, 398
355, 387, 388, 398, 431, 432
355, 388, 356, 398, 432, 399
356, 388, 389, 399, 432, 433
356, 389, 357, 399, 433, 400
357, 389, 390, 400, 433, 434
357, 390, 358, 400, 434, 401
358, 390, 391, 401, 434, 435
358, 391, 359, 401, 435, 402
359, 391, 392, 402, 435, 436
359, 392, 360, 402, 436, 403
360, 392, 393, 403, 436, 437
360, 393, 361, 403, 437, 404
361, 393, 394, 404, 437, 438
361, 394, 362, 404, 438, 405
362, 394, 395, 405, 438, 439
362, 395, 363, 405, 439, 406
363, 395, 396, 406, 439, 440
363, 396, 364, 406, 440, 407
364, 396, 397, 407, 440, 441
364, 397, 365, 407, 441, 408
365, 397, 398, 408, 441, 442
365, 398, 366, 408, 442, 409
366, 398, 399, 409, 442, 443
366, 399, 367, 409, 443, 410
367, 399, 400, 410, 443, 444
367, 400, 368, 410, 444, 411
368, 400, 401, 411, 444, 445
368, 401, 369, 411, 445, 412
369, 401, 402, 412, 445, 446
369, 402, 370, 412, 446, 413
370, 402, 403, 413, 446, 447
370, 403, 371, 413, 447, 414
371, 403, 404, 414, 447, 448
371, 404, 372, 414, 448, 415
372, 404, 405, 415, 448, 449
372, 405, 373, 415, 449, 416
373, 405, 406, 416, 449, 450
373, 406, 374, 416, 450, 417
374, 406, 407, 417, 450, 451
374, 407, 375, 417, 451, 418
375, 407, 408, 418, 451, 452
375, 408, 376, 418, 452, 419
376, 408, 409, 419, 452, 453
376, 409, 377, 419, 453, 420
377, 409, 410, 420, 453, 454
377, 410, 378, 420, 454, 421
378, 410, 411, 421, 454, 455
378, 411, 379, 421, 455, 422
379, 411, 412, 422, 455, 456
379, 412, 380, 422, 456, 423
380, 412, 413, 423, 456, 457
380, 413, 381, 423, 457, 424
381, 413, 414, 424, 457, 458
381, 414, 382, 424, 458, 425
382, 414, 415, 425, 458, 459
382, 415, 383, 425, 459, 426
383, 415, 416, 426, 459, 460
383, 416, 384, 426, 460, 427
384, 416, 417, 427, 460, 461
384, 417, 385, 427, 461, 428
385, 417, 386, 428, 461, 462
385, 386, 354, 428, 462, 429
386, 418, 419, 430, 463, 464
386, 419, 387, 430, 464, 431
387, 419, 420, 431, 464, 465
387, 420, 388, 431, 465, 432
388, 420, 421, 432, 465, 466
388, 421, 389, 432, 466, 433
389, 421, 422, 433, 466, 467
389, 422, 390, 433, 467, 434
390, 422, 423, 434, 467, 468
390, 423, 391, 434, 468, 435
391, 423, 424, 435, 468, 469
391, 424, 392, 435, 469, 436
392, 424, 425, 436, 469, 470
392, 425, 393, 436, 470, 437
393, 425, 426, 437, 470, 471
393, 426, 394, 437, 471, 438
394, 426, 427, 438, 471, 472
394, 427, 395, 438, 472, 439
395, 427, 428, 439, 472, 473
395, 428, 396, 439, 473, 440
396, 428, 429, 440, 473, 474
396, 429, 397, 440, 474, 441
397, 429, 430, 441, 474, 475
397, 430, 398, 441, 475, 442
398, 430, 431, 442, 475, 476
398, 431, 399, 442, 476, 443
399, 431, 432, 443, 476, 477
399, 432, 400, 443, 477, 444
400, 432, 433, 444, 477, 478
400, 433, 401, 444, 478, 445
401, 433, 434, 445, 478, 479
401, 434, 402, 445, 479, 446
402, 434, 435, 446, 479, 480
402, 435, 403, 446, 480, 447
403, 435, 436, 447, 480, 481
403, 436, 404, 447, 481, 448
404, 436, 437, 448, 481, 482
404, 437, 405, 448, 482, 449
405, 437, 438, 449, 482, 483
405, 438, 406, 449, 483, 450
406, 438, 439, 450, 483, 484
406, 439, 407, 450, 484, 451
407, 439, 440, 451, 484, 485
407, 440, 408, 451, 485, 452
408, 440, 441, 452, 485, 486
408, 441, 409, 452, 486, 453
409, 441, 442, 453, 486, 487
409, 442, 410, 453, 487, 454
410, 442, 443, 454, 487, 488
410, 443, 411, 454, 488, 455
411, 443, 444, 455, 488, 489
411, 444, 412, 455, 489, 456
412, 444, 445, 456, 489, 490
412, 445, 413, 456, 490, 457
413, 445, 446, 457, 490, 491
413, 446, 414, 457, 491, 458
414, 446, 447, 458, 491, 492
414, 447, 415, 458, 492, 459
415, 447, 448, 459, 492, 493
415, 448, 416, 459, 493, 460
416, 448, 449, 460, 493, 494
416, 449, 417, 460, 494, 461
417, 449, 418, 461, 494, 495
417, 418, 386, 461, 495, 462
418, 450, 451, 463, 496, 497
418, 451, 419, 463, 497, 464
419, 451, 452, 464, 497, 498
419, 452, 420, 464, 498, 465
420, 452, 453, 465, 498, 499
420, 453, 421, 465, 499, 466
421, 453, 454, 466, 499, 500
421, 454, 422, 466, 500, 467
422, 454, 455, 467, 500, 501
422, 455, 423, 467, 501, 468
423, 455, 456, 468, 501, 502
423, 456, 424, 468, 502, 469
424, 456, 457, 469, 502, 503
424, 457, 425, 469, 503, 470
425, 457, 458, 470, 503, 504
425, 458, 426, 470, 504, 471
426, 458, 459, 471, 504, 505
426, 459, 427, 471, 505, 472
427, 459, 460, 472, 505, 506
427, 460, 428, 472, 506, 473
428, 460, 461, 473, 506, 507
428, 461, 429, 473, 507, 474
429, 461, 462, 474, 507, 508
429, 462, 430, 474, 508, 475
430, 462, 463, 475, 508, 509
430, 463, 431, 475, 509, 476
431, 463, 464, 476, 509, 510
431, 464, 432, 476, 510, 477
432, 464, 465, 477, 510, 511
432, 465, 433, 477, 511, 478
433, 465, 466, 478, 511, 512
433, 466, 434, 478, 512, 479
434, 466, 467, 479, 512, 513
434, 467, 435, 479, 513, 480
435, 467, 468, 480, 513, 514
435, 468, 436, 480, 514, 481
436, 468, 469, 481, 514, 515
436, 469, 437, 481, 515, 482
437, 469, 470, 482, 515, 516
437, 470, 438, 482, 516, 483
438, 470, 471, 483, 516, 517
438, 471, 439, 483, 517, 484
439, 471, 472, 484, 517, 518
439, 472, 440, 484, 518, 485
440, 472, 473, 485, 518, 519
440, 473, 441, 485, 519, 486
441, 473, 474, 486, 519, 520
441, 474, 442, 486, 520, 487
442, 474, 475, 487, 520, 521
442, 475, 443, 487, 521, 488
443, 475, 476, 488, 521, 522
443, 476, 444, 488, 522, 489
444, 476, 477, 489, 522, 523
444, 477, 445, 489, 523, 490
445, 477, 478, 490, 523, 524
445, 478, 446, 490, 524, 491
446, 478, 479, 491, 524, 525
446, 479, 447, 491, 525, 492
447, 479, 480, 492, 525, 526
447, 480, 448, 492, 526, 493
448, 480, 481, 493, 526, 527
448, 481, 449, 493, 527, 494
449, 481, 450, 494, 527, 528
449, 450, 418, 494, 528, 495
482, 451, 450, 529, 497, 496
482, 452, 451, 530, 498, 497
482, 453, 452, 531, 499, 498
482, 454, 453, 532, 500, 499
482, 455, 454, 533, 501, 500
482, 456, 455, 534, 502, 501
482, 457, 456, 535, 503, 502
482, 458, 457, 536, 504, 503
482, 459, 458, 537, 505, 504
482, 460, 459, 538, 506, 505
482, 461, 460, 539, 507, 506
482, 462, 461, 540, 508, 507
482, 463, 462, 541, 509, 508
482, 464, 463, 542, 510, 509
482, 465, 464, 543, 511, 510
482, 466, 465, 544, 512, 511
482, 467, 466, 545, 513, 512
482, 468, 467, 546, 514, 513
482, 469, 468, 547, 515, 514
482, 470, 469, 548, 516, 515
482, 471, 470, 549, 517, 516
482, 472, 471, 550, 518, 517
482, 473, 472, 551, 519, 518
482, 474, 473, 552, 520, 519
482, 475, 474, 553, 521, 520
482, 476, 475, 554, 522, 521
482, 477, 476, 555, 523, 522
482, 478, 477, 556, 524, 523
482, 479, 478, 557, 525, 524
482, 480, 479, 558, 526, 525
482, 481, 480, 559, 527, 526
482, 450, 481, 560, 528, 527
</geometry>
